	Peak1	Peak2	Peak3	Cen1	Cen2	Cen3	Size1	Size2	Size3	Sum	Peak	Volume
0	69.0	44.0	17.0	69.23472511755581	43.91641735062339	16.997410204308338	2.2388441898020024	2.6333435490664763	2.4108985126674716	1310.1217654049397	4.9336652755737305	725.0
1	80.0	45.0	19.0	79.95194272520898	44.95298708856986	18.265449427020634	2.9514268872777296	1.9650657869961705	2.8362339377310897	1748.3827903866768	4.393972396850586	946.0
2	59.0	64.0	21.0	58.599778292798966	63.86274053224912	19.198174583850143	2.417969235727538	2.0061487684172747	3.168264072005206	1230.9977314472198	3.427906036376953	730.0
3	27.0	91.0	21.0	26.299940006137522	92.22522773121295	20.947928598936333	2.4237201928974565	2.6760194888277566	2.3760695149990276	1292.3568732440472	3.4231786727905273	748.0
4	18.0	92.0	21.0	17.53542752798701	91.85543145216755	19.572203019412445	2.402856589108125	2.001769966825551	3.0571829904302685	1009.2643510997295	3.5628609657287598	634.0
5	91.0	100.0	23.0	91.94418020971102	100.9626174024487	23.070319954420032	2.8261336049383807	2.360144024850314	3.3260876881215355	2337.1188223958015	6.737022399902344	1123.0
6	68.0	67.0	24.0	67.55592251169809	68.40872117152007	22.5320694439933	3.2376630428630517	3.3802007417134354	3.691798069722917	5080.965848982334	5.942687034606934	2219.0
7	92.0	85.0	24.0	91.98831629491232	86.06939348504575	23.77747007050617	1.8934444487748159	3.0953980169429265	3.640030914371339	3105.2841894477606	7.775708198547363	1421.0
8	59.0	52.0	25.0	59.95662611674767	52.682130639874366	24.054965285634704	1.884636889279536	2.401541794442719	2.816517456656141	629.453733459115	1.9322229623794556	466.0
9	72.0	88.0	25.0	72.0643049979918	88.07200483259007	25.337082466257787	2.9618510414831403	2.5201923760559914	4.130094701346449	5406.353675127029	9.361679077148438	2085.0
10	52.0	41.0	29.0	52.24417558036918	41.298924482863676	28.4549447627494	2.4464508637739772	2.2570467447807436	3.010006280372894	862.655689895153	3.6419572830200195	623.0
11	22.0	13.0	30.0	22.082448991705586	13.004496317154292	30.678805785608738	3.0909596900793614	2.3441646540264838	3.0465079040111114	3754.764424443245	10.264266014099121	1396.0
12	58.0	25.0	33.0	58.032319797659454	25.075901552693118	33.641692743130896	2.1671082828094868	2.6522648241660907	3.8601469595146978	3026.740663141012	6.676553249359131	1367.0
13	46.0	102.0	35.0	45.97124352696435	101.90006683000362	34.92871072476007	2.920696930759868	1.9539297273704	3.3232079951856957	1244.153734922409	3.120054006576538	719.0
14	26.0	28.0	38.0	25.980246762505693	27.984413423463664	37.32427462469357	3.357595640416964	2.1285435537885515	4.0302629459308275	5054.588379025459	9.148049354553223	2053.0
15	96.0	47.0	38.0	96.00801355061951	47.4602885853376	34.934418530929086	2.550025809734548	3.769979116133485	3.8720209361175795	2373.4855601787567	5.928430557250977	1291.0
16	55.0	48.0	39.0	55.048662414712716	49.02084760841045	39.90051018610555	1.912337021260847	3.1972649672500406	2.582511749716096	1045.0949932336807	4.429654121398926	660.0
17	13.0	40.0	41.0	13.036432601410628	41.0472010613902	40.62160077970462	2.149224262853864	2.8289464712922237	3.2112294144036304	1585.6591831743717	3.388493299484253	974.0
18	48.0	50.0	43.0	47.20938976990584	48.92693065913516	43.23054383084249	2.3375960084516216	2.497109265634893	3.314271351774106	1444.5247922837734	2.976745843887329	876.0
19	100.0	26.0	45.0	100.24372118754314	25.882104868518308	45.1049510721549	2.24873547343959	1.883353075802335	2.326028259360773	668.2871014475822	2.956268072128296	452.0
20	40.0	15.0	47.0	39.909595036645996	15.026888344915085	46.548724348152255	2.9976291489497644	2.2705110052945083	3.3085919690954726	2807.639067053795	6.6176228523254395	1349.0
21	84.0	47.0	47.0	84.12285897853614	46.13517372655751	47.04968974164937	2.6006816490596996	3.214870795844722	3.907555427713371	4570.338376134634	7.153456687927246	1959.0
22	21.0	77.0	47.0	20.864728477583878	77.03697546781504	45.937970969447655	2.855946770646545	2.001425045344671	2.8445555312074045	1536.4227054417133	4.338259696960449	871.0
23	99.0	82.0	48.0	100.1312171816614	81.99626367375431	48.6088397894583	2.814656436248875	2.0086847360043705	2.3468163084796037	1021.1236708760262	3.6522905826568604	631.0
24	24.0	86.0	48.0	24.234284898720578	85.77920755612581	48.68248513526976	3.1379195206755734	2.134309026049153	3.6539695612754444	3433.578940808773	7.38301944732666	1573.0
25	62.0	63.0	50.0	62.0312074998569	62.753321401023996	49.73808003970441	2.04358216053166	3.233658846691982	2.54257760775385	1914.994314596057	5.587879657745361	981.0
26	68.0	100.0	50.0	68.12396102518184	99.94998749889513	51.74638452145447	2.433379391178048	1.8507224548278727	3.390531437013036	1119.846662133932	3.439326524734497	701.0
27	90.0	29.0	51.0	90.04439415240121	29.033570543613358	51.20610995919037	2.4611840703533856	3.2500298865145334	3.4309801335417376	3670.4446626603603	7.407578468322754	1676.0
28	55.0	54.0	51.0	54.2097879645571	54.85867689858396	50.194872926434364	2.438882274595732	2.2111620515379355	3.175423060947956	1267.227181762457	3.0814428329467773	800.0
29	22.0	21.0	52.0	22.07176572365244	20.95390270166198	52.136364353217786	3.002586956786221	2.3379151405748715	3.48069327957996	3987.010496556759	9.41578483581543	1559.0
30	42.0	30.0	52.0	42.00232331282489	30.072311573812616	51.24753373344576	2.324593208080845	3.143332363117084	2.9266936913332238	3276.6839803755283	6.442017555236816	1342.0
31	107.0	21.0	53.0	106.89331950892614	21.003100937398067	52.9169133514984	1.8629248061151469	2.8915479199992737	3.2965746392678263	2363.2814295589924	7.296019554138184	1117.0
32	67.0	46.0	54.0	67.35709988795729	47.46680360912508	53.08219838359953	2.70797832807095	3.654122359388365	4.348225667453863	5783.0983551591635	9.212854385375977	2391.0
33	78.0	28.0	55.0	78.00958587547666	28.09109657828619	55.27162047192403	1.9400470790363473	3.4919749759892778	3.8109721789022686	4987.12024512887	9.941970825195312	1883.0
34	52.0	36.0	55.0	54.23057974384424	36.01588189834673	54.08415207552782	4.324865828573761	2.9362654533753814	4.002646728276375	7165.288240835071	7.176734447479248	3000.0
35	99.0	65.0	55.0	99.10561399183807	64.69888844216845	55.38164717533691	2.769569453895309	2.543156149585092	2.9099357344925303	2832.19523948431	5.4215288162231445	1262.0
36	92.0	99.0	56.0	92.01731679214093	98.78707959478284	55.794759295667205	2.3336846205937096	3.129307850299566	3.6304266371613148	3589.696928203106	8.11363410949707	1635.0
37	60.0	23.0	57.0	59.97173510731561	23.098386981887998	57.42383195529511	3.1170098990319186	2.3589214192926735	3.244203833738765	3795.1979537010193	10.07153606414795	1533.0
38	89.0	76.0	57.0	88.95166319396262	76.03494653875839	56.86757222473781	3.449413965544502	1.855958150091303	2.5921878670875285	2241.120618760586	7.167193412780762	1074.0
39	97.0	55.0	59.0	96.92304421064557	54.94559268359253	58.07252945679375	2.2883496490717596	2.2361472118216006	3.7704598869444	1955.296657860279	6.001631259918213	1055.0
40	104.0	50.0	61.0	104.90847318278591	48.37647276848694	60.05242396016631	2.906591027213289	3.8712171036204026	3.7976001528250207	5260.714663028717	10.438968658447266	2267.0
41	33.0	93.0	62.0	33.30897775385073	92.97846413463083	62.426967331442526	3.1656105634223017	1.899257283759026	3.2415367490558853	2569.727734744549	6.392115592956543	1215.0
42	41.0	29.0	63.0	40.90744839417592	28.94500034136747	62.410454700897134	2.693418831991203	2.0032292728803567	2.720808717866945	1266.2780850827694	3.965864658355713	692.0
43	84.0	84.0	63.0	84.05001190989954	83.99883502129761	63.587372085655964	2.729053168800973	2.638720138182325	3.8711912460603632	2835.159319356084	6.189241886138916	1429.0
44	98.0	89.0	63.0	96.79758364659821	88.9955476942428	62.68782536059539	2.1963711253248497	2.8947468986669413	3.8039459124977513	2233.6224977970123	4.528432846069336	1282.0
45	15.0	93.0	64.0	15.083896370259271	92.97783325629857	63.858057714819836	2.0589517243162074	2.5914963438995966	2.4061128303151835	888.8676864355803	5.163496017456055	578.0
46	43.0	66.0	65.0	42.30156317903665	66.84470001086481	64.1197148511103	2.6764569496550203	3.4619627902117838	3.044592877168791	5139.50073954463	9.499214172363281	1946.0
47	32.0	76.0	65.0	30.85256330028476	77.26031450667304	65.57282558489483	2.92363316293204	2.849039369092202	3.8687846171794424	3357.2486899346113	7.665566444396973	1590.0
48	58.0	102.0	66.0	60.24977330456814	103.85168819952813	65.80781669491496	3.507855498372947	3.3685784664436387	3.5862885823238915	6678.840945363045	9.318577766418457	2491.0
49	89.0	60.0	70.0	89.89949607968067	61.20876962443785	69.93339269434054	2.6725088293725547	1.6486035299300945	2.086641339368506	545.6509141921997	4.994724750518799	374.0
50	38.0	90.0	70.0	37.89295078195228	89.15206090192663	71.07958171924689	2.2028027194753683	2.765473740352358	2.795841660431956	1358.5313156843185	5.285737991333008	803.0
51	67.0	30.0	74.0	67.84459764974588	29.966964182035223	73.190051490167	2.8935002926754647	1.8363190040909119	3.5769632071434683	1920.1569237411022	6.916965007781982	1065.0
52	25.0	61.0	74.0	22.78171715622727	61.763572423793	74.20347833674828	3.4981920995844114	3.2099515300156365	3.561330901250062	5542.734029233456	9.474502563476562	2352.0
53	23.0	76.0	75.0	23.465393787290953	76.58830404270977	75.32920256096978	2.2009045050690843	3.1467423555805856	2.937187891156148	2210.6290333867073	7.171960830688477	1150.0
54	58.0	82.0	75.0	57.05993446003574	81.30441979013581	74.90004722207932	3.147397702554097	3.1861047881222633	2.75802765988878	4851.184441000223	10.349067687988281	1850.0
55	27.0	101.0	77.0	27.020156708490028	101.00819828902287	76.32093585388893	2.242119173235319	2.581233949053971	2.6149684427701625	1389.7033074647188	5.952481269836426	784.0
56	41.0	20.0	80.0	41.1272739349057	20.12031829496014	79.23735537428327	2.6519866950946636	2.459173482048083	3.066744403786881	2287.863222539425	6.352019309997559	1137.0
57	105.0	100.0	81.0	104.94020503122292	99.94173978046327	79.92814328268749	2.9000711597347246	2.4164180100700374	3.44776396587126	4088.6224106252193	9.021308898925781	1626.0
58	81.0	82.0	82.0	82.38028323001517	82.95176389107961	82.62996879105818	2.3931927003836537	1.971297258132387	3.88173873253436	1735.270761668682	5.653830528259277	971.0
59	54.0	20.0	83.0	54.05681358375777	19.979492091438054	83.25482944817139	2.4921930105070493	2.3914095423802486	3.4214176446131845	2118.841980457306	5.24212646484375	1123.0
60	72.0	75.0	83.0	72.78073176233157	74.97906826919451	82.78886200562656	2.837179374538322	3.0420530658267495	3.0863926994226665	5453.491008378565	10.75103759765625	1899.0
61	58.0	65.0	84.0	57.946828083330054	64.96993017735198	83.36808556401171	2.9068334314662807	2.011540231840845	4.123884197924861	3422.8280707597733	5.71489143371582	1563.0
62	24.0	42.0	86.0	24.046042416740526	41.96017630746338	86.36961969473263	2.07079940506839	3.261322691275858	2.7891601587905104	3257.0254081189632	9.232046127319336	1346.0
63	57.0	42.0	86.0	57.02504023173219	42.00316089945662	86.62210286113715	1.931439400343504	3.2506281904247496	3.5859197864760017	3861.049681544304	6.889467239379883	1588.0
64	36.0	85.0	87.0	36.956699677144904	85.17280632854448	85.95627016444618	2.516196227455119	2.391593584798829	3.3855215608123426	1675.64352196455	5.154587745666504	1016.0
65	19.0	26.0	88.0	19.02953543403487	26.031793217620095	88.29426743291887	2.7875317215507267	2.582062244530396	3.741623726119255	4430.1318818330765	7.430243968963623	1783.0
66	42.0	34.0	88.0	42.02053623789121	34.14553497032416	88.36052373920901	2.3467405583554646	2.9535333462062114	4.03872076331749	4855.152814090252	11.04297924041748	1800.0
67	89.0	73.0	89.0	88.84745751994242	73.05273418813992	89.27761344997536	2.1976340765252935	3.1739136604727975	3.5790429175046414	3368.2004804611206	6.855454921722412	1508.0
68	100.0	82.0	89.0	100.08318198028854	80.92368545287052	88.9458264832959	1.8160287356245022	2.424089692778922	3.84507697068426	584.2881609201431	1.7789499759674072	407.0
69	28.0	93.0	91.0	27.1699204563388	92.89103379955517	91.52069895008054	3.6027887751772703	2.1389774111277426	3.3058572251962133	3958.0741413533688	7.514144420623779	1703.0
70	41.0	46.0	92.0	41.008468873275504	46.014705585199685	91.64446463315709	2.081335393534334	3.2254861204967633	3.603092593992594	4985.155993118882	9.290362358093262	1706.0
71	98.0	30.0	93.0	98.66403714769297	29.75163755337411	91.73911799093818	2.9558622723732637	2.9970144461680737	4.6087994216366726	6505.660847216845	8.806178092956543	2477.0
72	68.0	104.0	93.0	68.00834704671219	104.02065653770985	92.41112052444088	3.020245355684277	2.2179525891975502	2.6986578014251323	2300.581825762987	7.142839431762695	1068.0
73	18.0	85.0	94.0	18.262850471972712	84.71076783429935	93.35735321332612	1.2902316112766234	2.2350821970781434	1.6498192602911328	211.66082364320755	3.8756918907165527	151.0
74	75.0	62.0	95.0	75.16103238661447	62.21474141540217	96.83334037880998	1.802266645553818	2.955010246796465	2.6468287784783313	1045.9047378599644	5.552513122558594	637.0
75	74.0	32.0	97.0	74.88479499269182	31.178181597107688	96.05597796434634	2.8170266852767303	2.5376689595972883	2.4230047701479385	2067.536180317402	5.204556465148926	929.0
76	36.0	79.0	97.0	36.00744102672975	79.33702130001627	96.92771102698285	2.2459486540061757	3.045529429207274	2.941939812921927	2870.4344853907824	7.847351551055908	1275.0
77	91.0	26.0	98.0	90.75219163081898	25.942768067284753	98.48271144161819	2.1850258857610814	3.3434234130738987	3.858693549862629	5627.813690394163	10.823752403259277	1953.0
78	88.0	37.0	98.0	88.2247272992991	36.969818541778224	98.9099167847438	2.9811718220959653	2.155900328261637	3.0563433142699115	2511.374342262745	7.066348552703857	1210.0
79	68.0	44.0	98.0	68.04691770750648	43.8811351300393	98.77614804830698	2.411473636502223	2.7259424213754206	3.5137961311006465	3368.6476935446262	5.56418514251709	1422.0
80	19.0	86.0	98.0	17.800996410984425	86.76452151265556	97.37718046010326	1.314469362155245	2.630436513860064	1.6973294888878432	353.8102160990238	3.6724085807800293	242.0
81	59.0	19.0	99.0	59.05148049291312	18.993176741371077	98.69025671539603	2.598417497814878	1.7659282619253376	3.239140634729521	1267.152057915926	3.537529945373535	737.0
82	48.0	101.0	100.0	48.34512184766489	99.88339299853227	100.73898140814596	2.3750241622080432	3.192998128476899	3.1245648939602853	853.7825746834278	3.6852211952209473	541.0
83	43.0	39.0	101.0	42.9763049056592	38.89830439260432	101.48970930052042	2.120352635898451	3.3246097368009937	3.4050627408979457	4613.175984740257	10.363602638244629	1615.0
84	29.0	17.0	103.0	30.005289074515016	15.990753110025173	103.7541292014165	2.8023603056618502	2.322304664690575	2.6881826204833295	1457.4873649775982	5.723533630371094	818.0
85	70.0	33.0	103.0	68.93321729231815	33.163537294803625	103.29560970498491	2.8120731748575016	2.278076034827131	3.1107253120568457	3072.074967622757	10.278475761413574	1255.0
86	61.0	31.0	107.0	61.14310691361576	31.262513284332105	106.84087290842086	2.262065243773288	2.7884763003616397	2.5715658365152474	1626.3553791940212	6.581214904785156	821.0
